Num6
Num6_0 3.000000 9.000000 13.000000 
Num6_1 4.500000 9.000000 13.000000 
Num6_2 6.000000 9.000000 13.000000 
Num6_3 7.500000 9.000000 13.000000 
Num6_4 3.000000 12.000000 13.000000 
Num6_5 4.500000 12.000000 13.000000 
Num6_6 6.000000 12.000000 13.000000 
Num6_7 7.500000 12.000000 13.000000 
Num6_8 3.000000 15.000000 13.000000 
Num6_9 4.500000 15.000000 13.000000 
Num6_10 6.000000 15.000000 13.000000 
Num6_11 7.500000 15.000000 13.000000 
Num6_12 3.000000 18.000000 13.000000 
Num6_13 4.500000 18.000000 13.000000 
Num6_14 6.000000 18.000000 13.000000 
Num6_15 7.500000 18.000000 13.000000 
Num6_16 3.000000 9.000000 15.000000 
Num6_17 4.500000 9.000000 15.000000 
Num6_18 6.000000 9.000000 15.000000 
Num6_19 7.500000 9.000000 15.000000 
Num6_20 3.000000 12.000000 15.000000 
Num6_21 4.500000 12.000000 15.000000 
Num6_22 6.000000 12.000000 15.000000 
Num6_23 7.500000 12.000000 15.000000 
Num6_24 3.000000 15.000000 15.000000 
Num6_25 4.500000 15.000000 15.000000 
Num6_26 6.000000 15.000000 15.000000 
Num6_27 7.500000 15.000000 15.000000 
Num6_28 3.000000 18.000000 15.000000 
Num6_29 4.500000 18.000000 15.000000 
Num6_30 6.000000 18.000000 15.000000 
Num6_31 7.500000 18.000000 15.000000 
Num6_32 3.000000 9.000000 17.000000 
Num6_33 4.500000 9.000000 17.000000 
Num6_34 6.000000 9.000000 17.000000 
Num6_35 7.500000 9.000000 17.000000 
Num6_36 3.000000 12.000000 17.000000 
Num6_37 4.500000 12.000000 17.000000 
Num6_38 6.000000 12.000000 17.000000 
Num6_39 7.500000 12.000000 17.000000 
Num6_40 3.000000 15.000000 17.000000 
Num6_41 4.500000 15.000000 17.000000 
Num6_42 6.000000 15.000000 17.000000 
Num6_43 7.500000 15.000000 17.000000 
Num6_44 3.000000 18.000000 17.000000 
Num6_45 4.500000 18.000000 17.000000 
Num6_46 6.000000 18.000000 17.000000 
Num6_47 7.500000 18.000000 17.000000 
Num6_48 3.000000 9.000000 19.000000 
Num6_49 4.500000 9.000000 19.000000 
Num6_50 6.000000 9.000000 19.000000 
Num6_51 7.500000 9.000000 19.000000 
Num6_52 3.000000 12.000000 19.000000 
Num6_53 4.500000 12.000000 19.000000 
Num6_54 6.000000 12.000000 19.000000 
Num6_55 7.500000 12.000000 19.000000 
Num6_56 3.000000 15.000000 19.000000 
Num6_57 4.500000 15.000000 19.000000 
Num6_58 6.000000 15.000000 19.000000 
Num6_59 7.500000 15.000000 19.000000 
Num6_60 3.000000 18.000000 19.000000 
Num6_61 4.500000 18.000000 19.000000 
Num6_62 6.000000 18.000000 19.000000 
Num6_63 7.500000 18.000000 19.000000 