Num6
Num6_0 2.500000 8.000000 12.000000 
Num6_1 4.000000 8.000000 12.000000 
Num6_2 5.500000 8.000000 12.000000 
Num6_3 7.000000 8.000000 12.000000 
Num6_4 2.500000 11.000000 12.000000 
Num6_5 4.000000 11.000000 12.000000 
Num6_6 5.500000 11.000000 12.000000 
Num6_7 7.000000 11.000000 12.000000 
Num6_8 2.500000 14.000000 12.000000 
Num6_9 4.000000 14.000000 12.000000 
Num6_10 5.500000 14.000000 12.000000 
Num6_11 7.000000 14.000000 12.000000 
Num6_12 2.500000 17.000000 12.000000 
Num6_13 4.000000 17.000000 12.000000 
Num6_14 5.500000 17.000000 12.000000 
Num6_15 7.000000 17.000000 12.000000 
Num6_16 2.500000 8.000000 14.000000 
Num6_17 4.000000 8.000000 14.000000 
Num6_18 5.500000 8.000000 14.000000 
Num6_19 7.000000 8.000000 14.000000 
Num6_20 2.500000 11.000000 14.000000 
Num6_21 4.000000 11.000000 14.000000 
Num6_22 5.500000 11.000000 14.000000 
Num6_23 7.000000 11.000000 14.000000 
Num6_24 2.500000 14.000000 14.000000 
Num6_25 4.000000 14.000000 14.000000 
Num6_26 5.500000 14.000000 14.000000 
Num6_27 7.000000 14.000000 14.000000 
Num6_28 2.500000 17.000000 14.000000 
Num6_29 4.000000 17.000000 14.000000 
Num6_30 5.500000 17.000000 14.000000 
Num6_31 7.000000 17.000000 14.000000 
Num6_32 2.500000 8.000000 16.000000 
Num6_33 4.000000 8.000000 16.000000 
Num6_34 5.500000 8.000000 16.000000 
Num6_35 7.000000 8.000000 16.000000 
Num6_36 2.500000 11.000000 16.000000 
Num6_37 4.000000 11.000000 16.000000 
Num6_38 5.500000 11.000000 16.000000 
Num6_39 7.000000 11.000000 16.000000 
Num6_40 2.500000 14.000000 16.000000 
Num6_41 4.000000 14.000000 16.000000 
Num6_42 5.500000 14.000000 16.000000 
Num6_43 7.000000 14.000000 16.000000 
Num6_44 2.500000 17.000000 16.000000 
Num6_45 4.000000 17.000000 16.000000 
Num6_46 5.500000 17.000000 16.000000 
Num6_47 7.000000 17.000000 16.000000 
Num6_48 2.500000 8.000000 18.000000 
Num6_49 4.000000 8.000000 18.000000 
Num6_50 5.500000 8.000000 18.000000 
Num6_51 7.000000 8.000000 18.000000 
Num6_52 2.500000 11.000000 18.000000 
Num6_53 4.000000 11.000000 18.000000 
Num6_54 5.500000 11.000000 18.000000 
Num6_55 7.000000 11.000000 18.000000 
Num6_56 2.500000 14.000000 18.000000 
Num6_57 4.000000 14.000000 18.000000 
Num6_58 5.500000 14.000000 18.000000 
Num6_59 7.000000 14.000000 18.000000 
Num6_60 2.500000 17.000000 18.000000 
Num6_61 4.000000 17.000000 18.000000 
Num6_62 5.500000 17.000000 18.000000 
Num6_63 7.000000 17.000000 18.000000 
